#Termo linear e termo quadrático

QUAD
N 501

1 2.5 -18.489583333333336 4.0625
2 2.51 -18.530095916666667 4.040025
3 2.52 -18.570383999999997 4.0176
4 2.53 -18.61044808333333 3.9952250000000005
5 2.54 -18.65028866666667 3.9729
6 2.55 -18.68990625 3.9506250000000005
7 2.56 -18.729301333333332 3.9284
8 2.57 -18.76847441666667 3.906225
9 2.58 -18.807426 3.8841
10 2.59 -18.846156583333332 3.862025
11 2.6 -18.884666666666664 3.84
12 2.61 -18.92295675 3.8180250000000004
13 2.62 -18.961027333333334 3.7961
14 2.63 -18.998878916666666 3.7742250000000004
15 2.64 -19.036512000000002 3.7523999999999997
16 2.65 -19.073927083333334 3.7306250000000003
17 2.66 -19.11112466666667 3.7089
18 2.67 -19.14810525 3.687225
19 2.68 -19.18486933333333 3.6655999999999995
20 2.69 -19.221417416666668 3.644025
21 2.7 -19.25775 3.6224999999999996
22 2.71 -19.293867583333334 3.601025
23 2.72 -19.32977066666667 3.5795999999999997
24 2.73 -19.36545975 3.558225
25 2.74 -19.400935333333337 3.5368999999999993
26 2.75 -19.436197916666664 3.515625
27 2.76 -19.471248000000003 3.4944000000000006
28 2.77 -19.50608608333333 3.4732250000000002
29 2.7800000000000002 -19.540712666666664 3.4520999999999997
30 2.79 -19.57512825 3.431025
31 2.8 -19.609333333333332 3.41
32 2.81 -19.643328416666666 3.389025
33 2.82 -19.677114000000003 3.3681
34 2.83 -19.71069058333333 3.347225
35 2.84 -19.744058666666664 3.3264000000000005
36 2.85 -19.77721875 3.305625
37 2.86 -19.810171333333333 3.2849000000000004
38 2.87 -19.842916916666667 3.2642249999999997
39 2.88 -19.875456 3.2436000000000003
40 2.89 -19.907789083333334 3.223025
41 2.9 -19.93991666666667 3.2025
42 2.91 -19.971839250000002 3.1820249999999994
43 2.92 -20.003557333333333 3.1616
44 2.93 -20.035071416666664 3.1412249999999995
45 2.94 -20.066382 3.1209
46 2.95 -20.097489583333335 3.100625
47 2.96 -20.12839466666667 3.0804
48 2.97 -20.15909775 3.0602249999999995
49 2.98 -20.189599333333334 3.0401
50 2.99 -20.219899916666666 3.0200249999999995
51 3.0 -20.25 3.0
52 3.01 -20.279900083333334 2.9800250000000004
53 3.02 -20.309600666666665 2.9600999999999997
54 3.0300000000000002 -20.339102250000003 2.9402249999999994
55 3.04 -20.368405333333335 2.9204
56 3.05 -20.39751041666667 2.9006250000000002
57 3.06 -20.426418 2.8809
58 3.0700000000000003 -20.455128583333334 2.8612249999999992
59 3.08 -20.483642666666668 2.8415999999999997
60 3.09 -20.51196075 2.822025
61 3.1 -20.54008333333333 2.8024999999999998
62 3.11 -20.56801091666667 2.7830250000000003
63 3.12 -20.595743999999996 2.7636
64 3.13 -20.623283083333334 2.744225
65 3.14 -20.65062866666667 2.7249
66 3.15 -20.677781250000002 2.7056250000000004
67 3.16 -20.70474133333333 2.6864
68 3.17 -20.73150941666667 2.667225
69 3.18 -20.758086 2.6480999999999995
70 3.19 -20.784471583333335 2.629025
71 3.2 -20.810666666666666 2.6099999999999994
72 3.21 -20.83667175 2.591025
73 3.2199999999999998 -20.862487333333338 2.5721000000000007
74 3.23 -20.88811391666666 2.5532250000000003
75 3.24 -20.913552000000003 2.5343999999999998
76 3.25 -20.938802083333336 2.515625
77 3.26 -20.963864666666666 2.4969000000000006
78 3.27 -20.98874025 2.478225
79 3.2800000000000002 -21.01342933333333 2.4595999999999996
80 3.29 -21.037932416666667 2.441025
81 3.3 -21.062250000000002 2.4225000000000003
82 3.31 -21.086382583333332 2.404025
83 3.3200000000000003 -21.11033066666667 2.3855999999999993
84 3.33 -21.134094749999996 2.367225
85 3.34 -21.15767533333333 2.3489000000000004
86 3.35 -21.181072916666665 2.330625
87 3.36 -21.204288000000002 2.3124000000000002
88 3.37 -21.22732108333333 2.294225
89 3.38 -21.250172666666664 2.2761000000000005
90 3.39 -21.272843249999998 2.258025
91 3.4 -21.295333333333335 2.24
92 3.41 -21.317643416666666 2.2220249999999995
93 3.42 -21.339774000000002 2.2041000000000004
94 3.43 -21.361725583333335 2.186225
95 3.44 -21.383498666666668 2.1684
96 3.45 -21.40509375 2.150625
97 3.46 -21.42651133333333 2.1329000000000002
98 3.4699999999999998 -21.447751916666665 2.1152250000000006
99 3.48 -21.468815999999997 2.0976
100 3.49 -21.489704083333333 2.0800249999999996
101 3.5 -21.510416666666668 2.0625
102 3.51 -21.53095425 2.0450250000000003
103 3.52 -21.551317333333337 2.0276
104 3.5300000000000002 -21.57150641666667 2.0102249999999997
105 3.54 -21.591521999999998 1.9929
106 3.55 -21.611364583333334 1.9756250000000004
107 3.56 -21.631034666666665 1.9584
108 3.5700000000000003 -21.65053275 1.9412249999999995
109 3.58 -21.669859333333335 1.9241
110 3.59 -21.689014916666665 1.9070250000000002
111 3.6 -21.708 1.89
112 3.6100000000000003 -21.726815083333335 1.8730249999999995
113 3.62 -21.745460666666666 1.8560999999999999
114 3.63 -21.763937249999998 1.839225
115 3.64 -21.782245333333332 1.8223999999999998
116 3.6500000000000004 -21.800385416666668 1.8056249999999994
117 3.66 -21.818358 1.7888999999999997
118 3.67 -21.836163583333338 1.7722250000000002
119 3.6799999999999997 -21.853802666666667 1.7556000000000005
120 3.69 -21.87127575 1.739025
121 3.7 -21.88858333333333 1.7224999999999997
122 3.71 -21.90572591666667 1.7060250000000001
123 3.7199999999999998 -21.922704 1.6896000000000004
124 3.73 -21.93951808333333 1.673225
125 3.74 -21.956168666666667 1.6568999999999996
126 3.75 -21.97265625 1.640625
127 3.76 -21.988981333333335 1.6244000000000003
128 3.77 -22.00514441666667 1.608225
129 3.7800000000000002 -22.021145999999998 1.5920999999999996
130 3.79 -22.03698658333333 1.576025
131 3.8 -22.052666666666667 1.5600000000000003
132 3.81 -22.06818675 1.544025
133 3.8200000000000003 -22.083547333333332 1.5280999999999996
134 3.83 -22.09874891666666 1.512225
135 3.84 -22.113792 1.4964000000000002
136 3.85 -22.12867708333333 1.4806249999999999
137 3.8600000000000003 -22.143404666666665 1.4648999999999994
138 3.87 -22.15797525 1.4492249999999998
139 3.88 -22.172389333333335 1.4336000000000002
140 3.89 -22.186647416666663 1.4180249999999999
141 3.9000000000000004 -22.200750000000003 1.4024999999999994
142 3.91 -22.21469758333333 1.3870249999999997
143 3.92 -22.22849066666667 1.3716000000000002
144 3.9299999999999997 -22.242129750000004 1.3562250000000005
145 3.94 -22.25561533333333 1.3409
146 3.95 -22.26894791666667 1.3256249999999996
147 3.96 -22.282128000000004 1.3104
148 3.9699999999999998 -22.29515608333333 1.2952250000000003
149 3.98 -22.308032666666666 1.2801
150 3.99 -22.320758249999997 1.2650249999999996
151 4.0 -22.333333333333332 1.25
152 4.01 -22.345758416666662 1.2350250000000003
153 4.02 -22.358034 1.2201000000000006
154 4.03 -22.37016058333333 1.2052249999999995
155 4.04 -22.382138666666663 1.1904
156 4.05 -22.39396875 1.1756250000000001
157 4.0600000000000005 -22.405651333333342 1.1608999999999994
158 4.07 -22.41718691666667 1.1462249999999996
159 4.08 -22.428576 1.1316
160 4.09 -22.439819083333337 1.1170250000000002
161 4.1 -22.450916666666664 1.1025000000000005
162 4.11 -22.46186925 1.0880249999999996
163 4.12 -22.472677333333337 1.0735999999999999
164 4.13 -22.48334141666667 1.059225
165 4.140000000000001 -22.493862 1.0448999999999993
166 4.15 -22.504239583333334 1.0306249999999995
167 4.16 -22.514474666666665 1.0163999999999997
168 4.17 -22.52456775 1.0022250000000001
169 4.18 -22.534519333333336 0.9881000000000004
170 4.1899999999999995 -22.54432991666666 0.9740250000000007
171 4.2 -22.554 0.9599999999999997
172 4.21 -22.563530083333337 0.9460250000000001
173 4.22 -22.572920666666665 0.9321000000000004
174 4.23 -22.582172250000003 0.9182249999999994
175 4.24 -22.591285333333335 0.9043999999999996
176 4.25 -22.600260416666668 0.890625
177 4.26 -22.609098000000003 0.8769000000000002
178 4.27 -22.617798583333332 0.8632250000000006
179 4.28 -22.62636266666667 0.8495999999999997
180 4.29 -22.63479075 0.836025
181 4.3 -22.643083333333337 0.8225000000000002
182 4.3100000000000005 -22.65124091666667 0.8090249999999993
183 4.32 -22.659263999999997 0.7955999999999996
184 4.33 -22.667153083333332 0.782225
185 4.34 -22.674908666666667 0.7689000000000001
186 4.35 -22.68253125 0.7556250000000004
187 4.36 -22.690021333333334 0.7423999999999996
188 4.37 -22.697379416666667 0.7292249999999999
189 4.38 -22.704606000000002 0.7161000000000002
190 4.390000000000001 -22.71170158333333 0.7030249999999992
191 4.4 -22.71866666666667 0.6899999999999995
192 4.41 -22.725501750000003 0.6770249999999998
193 4.42 -22.73220733333334 0.6641000000000001
194 4.43 -22.73878391666667 0.6512250000000004
195 4.4399999999999995 -22.745231999999994 0.6384000000000006
196 4.45 -22.751552083333333 0.6256249999999998
197 4.46 -22.75774466666667 0.6129
198 4.47 -22.763810250000006 0.6002250000000003
199 4.48 -22.769749333333337 0.5875999999999995
200 4.49 -22.775562416666663 0.5750249999999997
201 4.5 -22.78125 0.5625
202 4.51 -22.786812583333333 0.5500250000000002
203 4.52 -22.792250666666668 0.5376000000000005
204 4.53 -22.797564750000003 0.5252249999999997
205 4.54 -22.802755333333337 0.5128999999999999
206 4.55 -22.80782291666667 0.5006250000000002
207 4.5600000000000005 -22.812768000000005 0.4883999999999994
208 4.57 -22.817591083333337 0.4762249999999997
209 4.58 -22.822292666666662 0.4640999999999999
210 4.59 -22.826873250000002 0.4520250000000002
211 4.6 -22.831333333333337 0.44000000000000045
212 4.609999999999999 -22.835673416666662 0.42802500000000065
213 4.62 -22.839894 0.41609999999999986
214 4.63 -22.84399558333334 0.4042250000000001
215 4.640000000000001 -22.847978666666666 0.3923999999999993
216 4.65 -22.851843750000004 0.3806249999999996
217 4.66 -22.85559133333333 0.36889999999999984
218 4.67 -22.85922191666667 0.35722500000000007
219 4.68 -22.862736000000005 0.34560000000000035
220 4.6899999999999995 -22.866134083333332 0.33402500000000057
221 4.7 -22.86941666666666 0.3224999999999998
222 4.71 -22.87258425 0.31102500000000005
223 4.720000000000001 -22.875637333333334 0.29959999999999926
224 4.73 -22.878576416666668 0.2882249999999995
225 4.74 -22.881402 0.27689999999999976
226 4.75 -22.884114583333336 0.265625
227 4.76 -22.886714666666666 0.25440000000000024
228 4.77 -22.889202750000003 0.24322500000000047
229 4.78 -22.891579333333336 0.23209999999999972
230 4.79 -22.89384491666667 0.22102499999999997
231 4.800000000000001 -22.896000000000004 0.20999999999999922
232 4.8100000000000005 -22.898045083333333 0.19902499999999945
233 4.82 -22.89998066666667 0.18809999999999968
234 4.83 -22.901807249999997 0.1772249999999999
235 4.84 -22.903525333333334 0.16640000000000016
236 4.85 -22.90513541666667 0.15562500000000037
237 4.859999999999999 -22.906637999999997 0.1449000000000006
238 4.87 -22.908033583333335 0.13422499999999987
239 4.88 -22.90932266666666 0.12360000000000011
240 4.890000000000001 -22.910505750000002 0.1130249999999994
241 4.9 -22.91158333333333 0.10249999999999963
242 4.91 -22.912555916666665 0.09202499999999986
243 4.92 -22.913424000000006 0.08160000000000008
244 4.93 -22.91418808333333 0.07122500000000029
245 4.9399999999999995 -22.91484866666666 0.06090000000000051
246 4.95 -22.915406249999997 0.050624999999999816
247 4.96 -22.91586133333333 0.04040000000000003
248 4.970000000000001 -22.916214416666666 0.03022499999999935
249 4.98 -22.916466000000007 0.02009999999999957
250 4.99 -22.916616583333337 0.010024999999999786
251 5.0 -22.916666666666664 0.0
252 5.01 -22.916616750000003 -0.009974999999999788
253 5.02 -22.916467333333337 -0.019899999999999578
254 5.03 -22.91621891666667 -0.029775000000000246
255 5.04 -22.915871999999997 -0.03960000000000004
256 5.050000000000001 -22.915427083333327 -0.049375000000000696
257 5.0600000000000005 -22.91488466666667 -0.059100000000000485
258 5.07 -22.91424525 -0.06877500000000028
259 5.08 -22.91350933333333 -0.07840000000000007
260 5.09 -22.912677416666664 -0.08797499999999986
261 5.1 -22.911749999999994 -0.09749999999999966
262 5.109999999999999 -22.910727583333337 -0.10697499999999946
263 5.12 -22.909610666666673 -0.1164000000000001
264 5.13 -22.90839975 -0.12577499999999991
265 5.140000000000001 -22.90709533333333 -0.13510000000000053
266 5.15 -22.90569791666666 -0.14437500000000034
267 5.16 -22.904207999999993 -0.15360000000000013
268 5.17 -22.902626083333338 -0.16277499999999995
269 5.18 -22.900952666666676 -0.17189999999999975
270 5.1899999999999995 -22.899188249999995 -0.18097499999999955
271 5.2 -22.89733333333333 -0.19000000000000017
272 5.21 -22.895388416666673 -0.19897499999999996
273 5.220000000000001 -22.893354000000002 -0.20790000000000056
274 5.23 -22.89123058333333 -0.21677500000000038
275 5.24 -22.889018666666665 -0.2256000000000002
276 5.25 -22.88671875 -0.234375
277 5.26 -22.884331333333336 -0.24309999999999982
278 5.27 -22.881856916666667 -0.25177499999999964
279 5.28 -22.879296 -0.2604000000000002
280 5.29 -22.87664908333333 -0.268975
281 5.300000000000001 -22.87391666666667 -0.2775000000000006
282 5.3100000000000005 -22.87109925 -0.2859750000000004
283 5.32 -22.868197333333335 -0.2944000000000002
284 5.33 -22.865211416666668 -0.30277500000000007
285 5.34 -22.862142000000002 -0.3110999999999999
286 5.35 -22.85898958333334 -0.3193749999999997
287 5.359999999999999 -22.85575466666667 -0.32759999999999956
288 5.37 -22.85243775 -0.3357750000000001
289 5.38 -22.849039333333337 -0.34389999999999993
290 5.390000000000001 -22.84555991666666 -0.3519750000000005
291 5.4 -22.842 -0.36000000000000026
292 5.41 -22.83836008333334 -0.3679750000000001
293 5.42 -22.834640666666665 -0.37589999999999996
294 5.43 -22.830842250000003 -0.38377499999999976
295 5.4399999999999995 -22.82696533333334 -0.3915999999999996
296 5.45 -22.82301041666667 -0.39937500000000015
297 5.46 -22.818978000000005 -0.40709999999999996
298 5.470000000000001 -22.814868583333336 -0.4147750000000005
299 5.48 -22.81068266666667 -0.42240000000000033
300 5.49 -22.806420749999994 -0.42997500000000016
301 5.5 -22.802083333333336 -0.4375
302 5.51 -22.79767091666666 -0.44497499999999984
303 5.52 -22.793184 -0.4523999999999997
304 5.53 -22.78862308333333 -0.45977500000000016
305 5.54 -22.783988666666662 -0.4671
306 5.550000000000001 -22.77928125 -0.47437500000000055
307 5.5600000000000005 -22.774501333333333 -0.48160000000000036
308 5.57 -22.769649416666667 -0.4887750000000002
309 5.58 -22.76472599999999 -0.49590000000000006
310 5.59 -22.759731583333338 -0.502975
311 5.6 -22.754666666666665 -0.5099999999999998
312 5.609999999999999 -22.749531750000003 -0.5169749999999996
313 5.62 -22.74432733333333 -0.5239
314 5.63 -22.739053916666663 -0.5307749999999999
315 5.640000000000001 -22.733711999999997 -0.5376000000000004
316 5.65 -22.728302083333332 -0.5443750000000003
317 5.66 -22.72282466666667 -0.5511000000000001
318 5.67 -22.71728025 -0.5577749999999999
319 5.68 -22.711669333333326 -0.5643999999999998
320 5.6899999999999995 -22.705992416666668 -0.5709749999999997
321 5.7 -22.700249999999997 -0.5775000000000001
322 5.71 -22.694442583333323 -0.5839749999999999
323 5.720000000000001 -22.68857066666667 -0.5904000000000004
324 5.73 -22.682634750000002 -0.5967750000000003
325 5.74 -22.676635333333344 -0.6031000000000002
326 5.75 -22.670572916666664 -0.609375
327 5.76 -22.664448 -0.6155999999999999
328 5.77 -22.658261083333333 -0.6217749999999997
329 5.78 -22.652012666666675 -0.6279000000000001
330 5.79 -22.64570325 -0.633975
331 5.800000000000001 -22.639333333333337 -0.6400000000000005
332 5.8100000000000005 -22.63290341666667 -0.6459750000000003
333 5.82 -22.626414000000004 -0.6519000000000001
334 5.83 -22.61986558333333 -0.657775
335 5.84 -22.613258666666677 -0.6636
336 5.85 -22.606593750000002 -0.6693749999999998
337 5.859999999999999 -22.59987133333334 -0.6750999999999997
338 5.87 -22.59309191666666 -0.680775
339 5.88 -22.586256 -0.6863999999999999
340 5.890000000000001 -22.57936408333333 -0.6919750000000003
341 5.9 -22.57241666666667 -0.6975000000000002
342 5.91 -22.56541425 -0.7029750000000001
343 5.92 -22.55835733333334 -0.7083999999999999
344 5.93 -22.551246416666665 -0.7137749999999998
345 5.9399999999999995 -22.54408200000001 -0.7190999999999997
346 5.95 -22.536864583333326 -0.7243750000000001
347 5.96 -22.529594666666657 -0.7296
348 5.970000000000001 -22.522272749999992 -0.7347750000000003
349 5.98 -22.51489933333333 -0.7399000000000002
350 5.99 -22.507474916666666 -0.7449750000000002
351 6.0 -22.5 -0.75
352 6.01 -22.492475083333318 -0.754975
353 6.02 -22.48490066666667 -0.7598999999999998
354 6.03 -22.477277249999997 -0.7647750000000001
355 6.04 -22.46960533333333 -0.7696000000000001
356 6.050000000000001 -22.461885416666657 -0.7743750000000003
357 6.0600000000000005 -22.45411800000001 -0.7791000000000002
358 6.07 -22.446303583333325 -0.7837750000000001
359 6.08 -22.438442666666667 -0.7884
360 6.09 -22.43053575 -0.792975
361 6.1 -22.42258333333335 -0.7974999999999999
362 6.109999999999999 -22.414585916666667 -0.8019749999999998
363 6.12 -22.406544000000004 -0.8064
364 6.13 -22.39845808333333 -0.810775
365 6.140000000000001 -22.390328666666676 -0.8151000000000003
366 6.15 -22.382156249999994 -0.8193750000000002
367 6.16 -22.373941333333338 -0.8236000000000001
368 6.17 -22.36568441666666 -0.8277749999999999
369 6.18 -22.357385999999998 -0.8318999999999999
370 6.1899999999999995 -22.34904658333334 -0.8359749999999998
371 6.2 -22.340666666666664 -0.8400000000000001
372 6.21 -22.332246750000007 -0.8439749999999999
373 6.220000000000001 -22.32378733333333 -0.8479000000000003
374 6.23 -22.315288916666663 -0.8517750000000002
375 6.24 -22.30675199999999 -0.8556000000000001
376 6.25 -22.29817708333333 -0.859375
377 6.26 -22.289564666666664 -0.8631
378 6.27 -22.28091525000001 -0.8667749999999999
379 6.28 -22.27222933333334 -0.8704000000000001
380 6.29 -22.26350741666666 -0.873975
381 6.300000000000001 -22.254750000000012 -0.8775000000000002
382 6.3100000000000005 -22.24595758333333 -0.8809750000000002
383 6.32 -22.237130666666665 -0.8844000000000001
384 6.33 -22.228269750000003 -0.887775
385 6.34 -22.219375333333343 -0.8911
386 6.35 -22.210447916666666 -0.8943749999999999
387 6.359999999999999 -22.201488000000026 -0.8975999999999998
388 6.37 -22.19249608333333 -0.9007750000000001
389 6.38 -22.183472666666667 -0.9038999999999999
390 6.390000000000001 -22.174418250000002 -0.9069750000000002
391 6.4 -22.165333333333336 -0.9100000000000001
392 6.41 -22.15621841666666 -0.9129750000000001
393 6.42 -22.14707400000001 -0.9158999999999999
394 6.43 -22.13790058333334 -0.9187749999999999
395 6.4399999999999995 -22.128698666666686 -0.9215999999999999
396 6.45 -22.11946875000001 -0.9243750000000001
397 6.46 -22.110211333333325 -0.9271
398 6.470000000000001 -22.100926916666666 -0.9297750000000001
399 6.48 -22.091616000000002 -0.9324000000000001
400 6.49 -22.082279083333333 -0.934975
401 6.5 -22.07291666666667 -0.9375
402 6.51 -22.063529249999988 -0.9399749999999999
403 6.5200000000000005 -22.05411733333333 -0.9424000000000001
404 6.53 -22.044681416666656 -0.944775
405 6.54 -22.035222000000005 -0.9471
406 6.55 -22.025739583333333 -0.949375
407 6.5600000000000005 -22.016234666666655 -0.9516000000000001
408 6.57 -22.006707749999997 -0.953775
409 6.58 -21.997159333333336 -0.9559
410 6.59 -21.987589916666664 -0.957975
411 6.6 -21.97800000000001 -0.96
412 6.61 -21.968390083333325 -0.961975
413 6.62 -21.95876066666667 -0.9639
414 6.63 -21.949112250000006 -0.9657749999999999
415 6.64 -21.93944533333333 -0.9675999999999999
416 6.65 -21.929760416666667 -0.9693750000000001
417 6.66 -21.920057999999983 -0.9711000000000001
418 6.67 -21.910338583333335 -0.972775
419 6.68 -21.90060266666665 -0.9743999999999999
420 6.69 -21.89085075 -0.975975
421 6.7 -21.881083333333336 -0.9775
422 6.71 -21.87130091666667 -0.978975
423 6.72 -21.861504000000004 -0.9803999999999999
424 6.73 -21.851693083333345 -0.9817750000000001
425 6.74 -21.841868666666656 -0.9831
426 6.75 -21.83203125 -0.984375
427 6.76 -21.822181333333333 -0.9855999999999999
428 6.7700000000000005 -21.812319416666647 -0.9867750000000001
429 6.78 -21.802445999999996 -0.9879
430 6.79 -21.792561583333338 -0.988975
431 6.8 -21.78266666666667 -0.99
432 6.8100000000000005 -21.772761749999994 -0.990975
433 6.82 -21.762847333333333 -0.9919
434 6.83 -21.75292391666668 -0.992775
435 6.84 -21.742992 -0.9936
436 6.8500000000000005 -21.733052083333334 -0.994375
437 6.86 -21.72310466666668 -0.9951
438 6.87 -21.713150250000005 -0.995775
439 6.88 -21.70318933333335 -0.9964
440 6.89 -21.69322241666665 -0.996975
441 6.9 -21.68325 -0.9975
442 6.91 -21.67327258333333 -0.9979750000000001
443 6.92 -21.66329066666666 -0.9984
444 6.93 -21.65330475000001 -0.998775
445 6.94 -21.643315333333334 -0.9991
446 6.95 -21.63332291666667 -0.999375
447 6.96 -21.623327999999987 -0.9996
448 6.97 -21.613331083333343 -0.999775
449 6.98 -21.60333266666666 -0.9999
450 6.99 -21.59333325 -0.999975
451 7.0 -21.58333333333333 -1.0
452 7.01 -21.57333341666667 -0.9999750000000001
453 7.0200000000000005 -21.56333399999999 -0.9999
454 7.03 -21.553335583333315 -0.9997750000000001
455 7.04 -21.54333866666667 -0.9996
456 7.05 -21.53334375 -0.9993749999999999
457 7.0600000000000005 -21.52335133333333 -0.9990999999999999
458 7.07 -21.51336191666666 -0.998775
459 7.08 -21.503375999999996 -0.9984
460 7.09 -21.493394083333342 -0.9979750000000001
461 7.1000000000000005 -21.483416666666642 -0.9975
462 7.11 -21.473444250000007 -0.996975
463 7.12 -21.463477333333323 -0.9964
464 7.13 -21.453516416666666 -0.9957750000000001
465 7.14 -21.443561999999993 -0.9951000000000001
466 7.15 -21.433614583333338 -0.994375
467 7.16 -21.42367466666667 -0.9936
468 7.17 -21.41374275000002 -0.992775
469 7.18 -21.403819333333324 -0.9919
470 7.19 -21.393904916666656 -0.9909749999999999
471 7.2 -21.383999999999986 -0.99
472 7.21 -21.374105083333333 -0.9889749999999999
473 7.22 -21.36422066666666 -0.9879
474 7.23 -21.354347250000004 -0.986775
475 7.24 -21.34448533333334 -0.9856
476 7.25 -21.33463541666667 -0.984375
477 7.26 -21.324797999999987 -0.9831000000000001
478 7.2700000000000005 -21.31497358333334 -0.9817749999999998
479 7.28 -21.30516266666666 -0.9803999999999999
480 7.29 -21.295365749999995 -0.9789749999999999
481 7.3 -21.285583333333342 -0.9775
482 7.3100000000000005 -21.27581591666666 -0.9759749999999998
483 7.32 -21.266063999999993 -0.9743999999999999
484 7.33 -21.25632808333333 -0.972775
485 7.34 -21.246608666666674 -0.9711000000000001
486 7.3500000000000005 -21.236906249999983 -0.9693749999999999
487 7.36 -21.227221333333333 -0.9676
488 7.37 -21.21755441666666 -0.965775
489 7.38 -21.207905999999994 -0.9639
490 7.39 -21.198276583333325 -0.961975
491 7.4 -21.188666666666656 -0.96
492 7.41 -21.179076749999986 -0.957975
493 7.42 -21.169507333333343 -0.9559
494 7.43 -21.15995891666666 -0.953775
495 7.44 -21.150432000000002 -0.9516
496 7.45 -21.140927083333324 -0.9493749999999999
497 7.46 -21.131444666666653 -0.9471
498 7.47 -21.121985249999987 -0.9447750000000001
499 7.48 -21.112549333333327 -0.9423999999999999
500 7.49 -21.103137416666662 -0.939975
501 7.5 -21.09375 -0.9375

CUB
N 501

1 2.5 -87.5 127.5
2 2.51 -76.22243002000012 125.99599200000003
3 2.52 -64.83964031999967 124.503936
4 2.53 -53.35151161999994 123.02378400000002
5 2.54 -41.757925119999726 121.55548799999998
6 2.55 -30.0587625000003 120.09900000000003
7 2.56 -18.253905919999994 118.65427199999999
8 2.57 -6.343238020000342 117.22125600000003
9 2.58 5.673358080000213 115.799904
10 2.59 17.795998779999834 114.39016800000002
11 2.6 30.024800000000056 112.99199999999999
12 2.61 42.35987717999984 111.60535200000002
13 2.62 54.801345280000476 110.23017599999999
14 2.63 67.34931877999958 108.86642400000002
15 2.64 80.00391168000004 107.51404799999999
16 2.65 92.76523749999991 106.173
17 2.66 105.63340928000038 104.84323199999999
18 2.67 118.60853958000007 103.524696
19 2.68 131.6907404800006 102.21734399999997
20 2.69 144.8801235800001 100.92112800000001
21 2.7 158.17680000000058 99.63599999999998
22 2.71 171.58088038 98.361912
23 2.72 185.09247488000017 97.09881599999997
24 2.73 198.71169317999988 95.846664
25 2.74 212.43864448000005 94.60540799999998
26 2.75 226.2734375 93.375
27 2.76 240.2161804799997 92.15539200000002
28 2.77 254.26698118000024 90.94653600000001
29 2.7800000000000002 268.42594688000054 89.74838399999997
30 2.79 282.6931843800002 88.56088799999999
31 2.8 297.06879999999944 87.38400000000003
32 2.81 311.5528995800002 86.217672
33 2.82 326.14558847999996 85.06185600000002
34 2.83 340.84697158 83.91650399999999
35 2.84 355.65715327999976 82.78156800000001
36 2.85 370.5762375000002 81.657
37 2.86 385.60432768 80.54275200000001
38 2.87 400.7415267800003 79.43877599999999
39 2.88 415.9879372799999 78.34502400000001
40 2.89 431.3436611799999 77.26144799999999
41 2.9 446.8087999999999 76.188
42 2.91 462.3834547800003 75.12463199999999
43 2.92 478.0677260799995 74.071296
44 2.93 493.8617139800001 73.02794399999998
45 2.94 509.76551807999977 71.994528
46 2.95 525.7792375000004 70.97099999999998
47 2.96 541.9029708799997 69.95731200000002
48 2.97 558.1368163800005 68.95341599999998
49 2.98 574.4808716799998 67.959264
50 2.99 590.93523398 66.97480799999998
51 3.0 607.5 66.0
52 3.01 624.1752659799996 65.03479200000002
53 3.02 640.9611276800003 64.079136
54 3.0300000000000002 657.8576803800004 63.13298399999998
55 3.04 674.8650188800005 62.196287999999996
56 3.05 691.9832374999992 61.26900000000002
57 3.06 709.2124300799996 60.351071999999995
58 3.0700000000000003 726.5526899800002 59.44245599999997
59 3.08 744.0041100799999 58.54310399999999
60 3.09 761.5667827799998 57.652968000000016
61 3.1 779.2408000000004 56.77199999999999
62 3.11 797.0262531799997 55.90015200000001
63 3.12 814.9232332800003 55.037375999999995
64 3.13 832.9318307799997 54.18362400000001
65 3.14 851.0521356799998 53.33884799999999
66 3.15 869.2842374999998 52.50300000000001
67 3.16 887.6282252800003 51.67603199999999
68 3.17 906.0841875799999 50.857896000000004
69 3.18 924.6522124800003 50.048543999999985
70 3.19 943.3323875799999 49.24792800000001
71 3.2 962.124800000001 48.45599999999998
72 3.21 981.0295363800001 47.672712000000004
73 3.2199999999999998 1000.0466828799991 46.89801600000002
74 3.23 1019.17632518 46.13186400000001
75 3.24 1038.4185484800003 45.37420799999998
76 3.25 1057.7734375 44.625
77 3.26 1077.2410764799997 43.88419200000002
78 3.27 1096.82154918 43.15173599999999
79 3.2800000000000002 1116.5149388800007 42.42758399999998
80 3.29 1136.32132838 41.711687999999995
81 3.3 1156.2407999999998 41.00400000000001
82 3.31 1176.2734355799998 40.304472
83 3.3200000000000003 1196.4193164800001 39.61305599999998
84 3.33 1216.6785235800003 38.929703999999994
85 3.34 1237.05113728 38.254368000000014
86 3.35 1257.5372375 37.586999999999996
87 3.36 1278.1369036799997 36.927552000000006
88 3.37 1298.8502147800004 36.27597599999999
89 3.38 1319.6772492799996 35.632224
90 3.39 1340.6180851800004 34.996247999999994
91 3.4 1361.6727999999996 34.36800000000001
92 3.41 1382.8414707800007 33.74743199999999
93 3.42 1404.1241740799994 33.134496000000006
94 3.43 1425.5209859800004 32.52914399999999
95 3.44 1447.0319820799996 31.931328
96 3.45 1468.6572375000007 31.34099999999999
97 3.46 1490.3968268799997 30.758112
98 3.4699999999999998 1512.2508243799994 30.182616000000014
99 3.48 1534.21930368 29.614464
100 3.49 1556.3023379800006 29.05360799999999
101 3.5 1578.5 28.5
102 3.51 1600.8123619799997 27.953592000000015
103 3.52 1623.23949568 27.414336
104 3.5300000000000002 1645.7814723800013 26.882183999999985
105 3.54 1668.4383628800003 26.357087999999997
106 3.55 1691.2102374999995 25.83900000000001
107 3.56 1714.09716608 25.327872
108 3.5700000000000003 1737.0992179800005 24.823655999999986
109 3.58 1760.21646208 24.326303999999993
110 3.59 1783.4489667799999 23.835768000000005
111 3.6 1806.7968000000008 23.351999999999993
112 3.6100000000000003 1830.2600291800004 22.874951999999986
113 3.62 1853.8387212799998 22.404575999999995
114 3.63 1877.5329427799998 21.940824000000006
115 3.64 1901.3427596800002 21.483647999999995
116 3.6500000000000004 1925.2682375000009 21.032999999999987
117 3.66 1949.3094412800003 20.588831999999993
118 3.67 1973.4664355799996 20.151096000000003
119 3.6799999999999997 1997.739284479999 19.719744000000013
120 3.69 2022.1280515800001 19.294728
121 3.7 2046.6328000000005 18.875999999999994
122 3.71 2071.2535923799996 18.463512
123 3.7199999999999998 2095.99049088 18.05721600000001
124 3.73 2120.8435571800005 17.657064000000002
125 3.74 2145.8128524800013 17.263007999999992
126 3.75 2170.8984375 16.875
127 3.76 2196.10037248 16.492992000000008
128 3.77 2221.4187171800004 16.116936
129 3.7800000000000002 2246.8535308800006 15.746783999999991
130 3.79 2272.40487238 15.382487999999999
131 3.8 2298.0728 15.024000000000008
132 3.81 2323.85737158 14.671271999999998
133 3.8200000000000003 2349.75864448 14.32425599999999
134 3.83 2375.7766755800003 13.982903999999998
135 3.84 2401.9115212799993 13.647168000000004
136 3.85 2428.1632375 13.316999999999998
137 3.8600000000000003 2454.531879680002 12.99235199999999
138 3.87 2481.0175027800005 12.673175999999998
139 3.88 2507.62016128 12.359424000000004
140 3.89 2534.3399091800006 12.051047999999996
141 3.9000000000000004 2561.1768000000006 11.747999999999989
142 3.91 2588.13088678 11.450231999999996
143 3.92 2615.2022220799995 11.157696000000001
144 3.9299999999999997 2642.3908579799986 10.870344000000008
145 3.94 2669.69684608 10.588128000000001
146 3.95 2697.1202375000003 10.310999999999996
147 3.96 2724.6610828799994 10.038912
148 3.9699999999999998 2752.319432379999 9.771816000000008
149 3.98 2780.0953356800005 9.509664
150 3.99 2807.9888419800004 9.252407999999994
151 4.0 2836.0 9.0
152 4.01 2864.1288579799993 8.752392000000004
153 4.02 2892.375463679998 8.509536000000011
154 4.03 2920.739864380001 8.271383999999994
155 4.04 2949.2221068800004 8.037887999999999
156 4.05 2977.8222374999996 7.809000000000004
157 4.0600000000000005 3006.540302080001 7.584671999999989
158 4.07 3035.376345980001 7.364855999999993
159 4.08 3064.330414080001 7.1495039999999985
160 4.09 3093.402550779999 6.938568000000003
161 4.1 3122.5927999999994 6.732000000000007
162 4.11 3151.901205180001 6.529751999999994
163 4.12 3181.3278092799997 6.331775999999998
164 4.13 3210.8726547799997 6.138024000000002
165 4.140000000000001 3240.5357836800013 5.948447999999989
166 4.15 3270.3172375000013 5.762999999999994
167 4.16 3300.2170572800005 5.581631999999997
168 4.17 3330.2352835799998 5.404296000000001
169 4.18 3360.3719564799985 5.2309440000000045
170 4.1899999999999995 3390.627115579998 5.061528000000008
171 4.2 3421.0008000000007 4.895999999999997
172 4.21 3451.49304838 4.734312000000001
173 4.22 3482.103898879999 4.576416000000004
174 4.23 3512.833389180001 4.422263999999993
175 4.24 3543.681556480001 4.2718079999999965
176 4.25 3574.6484375 4.125
177 4.26 3605.7340684799983 3.981792000000003
178 4.27 3636.9384851799996 3.8421360000000058
179 4.28 3668.26172288 3.705983999999997
180 4.29 3699.7038163800007 3.5732879999999994
181 4.3 3731.2648 3.444000000000002
182 4.3100000000000005 3762.9447075800017 3.3180719999999937
183 4.32 3794.7435724800002 3.1954559999999965
184 4.33 3826.66142758 3.076103999999999
185 4.34 3858.698305279999 2.9599680000000017
186 4.35 3890.854237499998 2.847000000000004
187 4.36 3923.129255680001 2.7371519999999965
188 4.37 3955.523390780001 2.6303759999999987
189 4.38 3988.0366732800003 2.526624000000001
190 4.390000000000001 4020.669133180002 2.4258479999999945
191 4.4 4053.4208000000026 2.3279999999999967
192 4.41 4086.2917027800004 2.233031999999999
193 4.42 4119.28187008 2.1408960000000006
194 4.43 4152.391329979999 2.0515440000000025
195 4.4399999999999995 4185.620110079997 1.9649280000000042
196 4.45 4218.968237500001 1.8809999999999985
197 4.46 4252.43573888 1.7997120000000002
198 4.47 4286.02264038 1.7210160000000019
199 4.48 4319.728967680001 1.6448639999999968
200 4.49 4353.554745980002 1.5712079999999984
201 4.5 4387.5 1.5
202 4.51 4421.564753979998 1.4311920000000016
203 4.52 4455.749031679999 1.3647360000000028
204 4.53 4490.05285638 1.3005839999999984
205 4.54 4524.47625088 1.2386879999999998
206 4.55 4559.019237499999 1.1790000000000012
207 4.5600000000000005 4593.681838080001 1.1214719999999971
208 4.57 4628.464073980002 1.0660559999999983
209 4.58 4663.365966080001 1.0127039999999996
210 4.59 4698.387534779999 0.9613680000000007
211 4.6 4733.528799999999 0.9120000000000017
212 4.609999999999999 4768.789781179998 0.8645520000000027
213 4.62 4804.17049728 0.8189759999999995
214 4.63 4839.67096678 0.7752240000000005
215 4.640000000000001 4875.291207680001 0.7332479999999977
216 4.65 4911.031237500001 0.6929999999999986
217 4.66 4946.891073280001 0.6544319999999995
218 4.67 4982.870731579998 0.6174960000000003
219 4.68 5018.970228479999 0.582144000000001
220 4.6899999999999995 5055.189579579997 0.5483280000000017
221 4.7 5091.528800000001 0.5159999999999995
222 4.71 5127.987904380001 0.4851120000000001
223 4.720000000000001 5164.566906880003 0.45561599999999813
224 4.73 5201.265821180003 0.42746399999999884
225 4.74 5238.084660480002 0.4006079999999994
226 4.75 5275.0234375 0.375
227 4.76 5312.08216448 0.3505920000000005
228 4.77 5349.260853179999 0.32733600000000096
229 4.78 5386.559514880001 0.30518399999999946
230 4.79 5423.97816038 0.2840879999999999
231 4.800000000000001 5461.516800000003 0.2639999999999986
232 4.8100000000000005 5499.175443580002 0.24487199999999906
233 4.82 5536.954100480001 0.2266559999999995
234 4.83 5574.852779580001 0.20930399999999988
235 4.84 5612.87148928 0.19276800000000022
236 4.85 5651.010237499999 0.17700000000000055
237 4.859999999999999 5689.269031679998 0.16195200000000085
238 4.87 5727.647878780001 0.14757599999999985
239 4.88 5766.14678528 0.13382400000000014
240 4.890000000000001 5804.765757180001 0.12064799999999927
241 4.9 5843.504800000002 0.10799999999999955
242 4.91 5882.36391878 0.09583199999999983
243 4.92 5921.343118079998 0.08409600000000009
244 4.93 5960.442401979999 0.07274400000000032
245 4.9399999999999995 5999.6617740799975 0.06172800000000054
246 4.95 6039.001237500001 0.05099999999999981
247 4.96 6078.46079488 0.040512000000000034
248 4.970000000000001 6118.040448380003 0.030215999999999348
249 4.98 6157.740199680002 0.02006399999999957
250 4.99 6197.56004998 0.010007999999999786
251 5.0 6237.5 0.0
252 5.01 6277.560049979998 -0.010007999999999786
253 5.02 6317.740199679999 -0.02006399999999957
254 5.03 6358.04044838 -0.030216000000000253
255 5.04 6398.460794880001 -0.040512000000000034
256 5.050000000000001 6439.001237500002 -0.05100000000000075
257 5.0600000000000005 6479.661774080001 -0.06172800000000054
258 5.07 6520.442401980001 -0.07274400000000032
259 5.08 6561.343118080002 -0.08409600000000009
260 5.09 6602.363918779999 -0.09583199999999983
261 5.1 6643.504799999999 -0.10799999999999955
262 5.109999999999999 6684.765757179998 -0.12064799999999927
263 5.12 6726.1467852800015 -0.13382400000000014
264 5.13 6767.6478787800015 -0.14757599999999985
265 5.140000000000001 6809.269031680002 -0.16195200000000085
266 5.15 6851.010237500003 -0.17700000000000055
267 5.16 6892.871489280002 -0.19276800000000022
268 5.17 6934.852779579998 -0.20930399999999988
269 5.18 6976.9541004799985 -0.2266559999999995
270 5.1899999999999995 7019.175443579997 -0.24487199999999906
271 5.2 7061.516799999999 -0.26400000000000035
272 5.21 7103.978160379998 -0.2840879999999999
273 5.220000000000001 7146.559514880004 -0.3051840000000014
274 5.23 7189.260853180003 -0.32733600000000096
275 5.24 7232.082164480001 -0.3505920000000005
276 5.25 7275.0234375 -0.375
277 5.26 7318.084660479998 -0.4006079999999994
278 5.27 7361.265821179998 -0.42746399999999884
279 5.28 7404.566906880001 -0.4556160000000007
280 5.29 7447.987904380001 -0.4851120000000001
281 5.300000000000001 7491.528800000003 -0.5160000000000022
282 5.3100000000000005 7535.189579580003 -0.5483280000000017
283 5.32 7578.970228480002 -0.582144000000001
284 5.33 7622.87073158 -0.6174960000000003
285 5.34 7666.89107328 -0.6544319999999995
286 5.35 7711.031237499998 -0.6929999999999986
287 5.359999999999999 7755.291207679998 -0.7332479999999977
288 5.37 7799.6709667800005 -0.7752240000000005
289 5.38 7844.170497280001 -0.8189759999999995
290 5.390000000000001 7888.78978118 -0.8645520000000027
291 5.4 7933.528800000003 -0.9120000000000017
292 5.41 7978.38753478 -0.9613680000000007
293 5.42 8023.365966080001 -1.0127039999999996
294 5.43 8068.464073979997 -1.0660559999999983
295 5.4399999999999995 8113.68183808 -1.1214719999999971
296 5.45 8159.0192375 -1.1790000000000012
297 5.46 8204.47625088 -1.2386879999999998
298 5.470000000000001 8250.052856380005 -1.3005840000000042
299 5.48 8295.74903168 -1.3647360000000028
300 5.49 8341.564753980001 -1.4311920000000016
301 5.5 8387.5 -1.5
302 5.51 8433.55474598 -1.5712079999999984
303 5.52 8479.728967679997 -1.6448639999999968
304 5.53 8526.02264038 -1.7210160000000019
305 5.54 8572.43573888 -1.7997120000000002
306 5.550000000000001 8618.968237500005 -1.8810000000000058
307 5.5600000000000005 8665.620110080003 -1.9649280000000042
308 5.57 8712.391329980002 -2.0515440000000025
309 5.58 8759.281870080002 -2.1408960000000006
310 5.59 8806.29170278 -2.233031999999999
311 5.6 8853.420799999996 -2.3279999999999967
312 5.609999999999999 8900.669133179998 -2.4258479999999945
313 5.62 8948.03667328 -2.526624000000001
314 5.63 8995.52339078 -2.6303759999999987
315 5.640000000000001 9043.129255680002 -2.7371520000000062
316 5.65 9090.8542375 -2.847000000000004
317 5.66 9138.698305279999 -2.9599680000000017
318 5.67 9186.66142758 -3.076103999999999
319 5.68 9234.743572479998 -3.1954559999999965
320 5.6899999999999995 9282.944707579996 -3.3180719999999937
321 5.7 9331.2648 -3.444000000000002
322 5.71 9379.70381638 -3.5732879999999994
323 5.720000000000001 9428.261722880003 -3.7059840000000084
324 5.73 9476.938485180002 -3.8421360000000058
325 5.74 9525.734068480002 -3.981792000000003
326 5.75 9574.6484375 -4.125
327 5.76 9623.681556479998 -4.2718079999999965
328 5.77 9672.83338918 -4.422263999999993
329 5.78 9722.103898880001 -4.576416000000004
330 5.79 9771.493048380002 -4.734312000000001
331 5.800000000000001 9821.000800000002 -4.8960000000000115
332 5.8100000000000005 9870.627115580002 -5.061528000000008
333 5.82 9920.371956480001 -5.2309440000000045
334 5.83 9970.235283580001 -5.404296000000001
335 5.84 10020.217057279997 -5.581631999999997
336 5.85 10070.317237499998 -5.762999999999994
337 5.859999999999999 10120.535783679996 -5.948447999999989
338 5.87 10170.872654780003 -6.138024000000002
339 5.88 10221.327809279997 -6.331775999999998
340 5.890000000000001 10271.901205180002 -6.529752000000012
341 5.9 10322.592800000002 -6.732000000000007
342 5.91 10373.40255078 -6.938568000000003
343 5.92 10424.33041408 -7.1495039999999985
344 5.93 10475.37634598 -7.364855999999993
345 5.9399999999999995 10526.540302079997 -7.584671999999989
346 5.95 10577.822237500002 -7.809000000000004
347 5.96 10629.222106879999 -8.037887999999999
348 5.970000000000001 10680.739864380004 -8.271384000000015
349 5.98 10732.37546368 -8.509536000000011
350 5.99 10784.128857980002 -8.752392000000004
351 6.0 10836.0 -9.0
352 6.01 10887.98884198 -9.252407999999994
353 6.02 10940.095335679996 -9.509663999999988
354 6.03 10992.31943238 -9.771816000000008
355 6.04 11044.66108288 -10.038912
356 6.050000000000001 11097.120237500003 -10.31100000000002
357 6.0600000000000005 11149.696846080002 -10.588128000000014
358 6.07 11202.39085798 -10.870344000000008
359 6.08 11255.202222080003 -11.157696000000001
360 6.09 11308.13088678 -11.450231999999996
361 6.1 11361.176799999997 -11.747999999999989
362 6.109999999999999 11414.339909179997 -12.051047999999982
363 6.12 11467.62016128 -12.359424000000004
364 6.13 11521.01750278 -12.673175999999998
365 6.140000000000001 11574.531879680002 -12.992352000000018
366 6.15 11628.163237500003 -13.31700000000001
367 6.16 11681.911521279999 -13.647168000000004
368 6.17 11735.776675579998 -13.982903999999998
369 6.18 11789.758644479998 -14.32425599999999
370 6.1899999999999995 11843.857371579998 -14.671271999999982
371 6.2 11898.072800000002 -15.024000000000008
372 6.21 11952.404872379999 -15.382487999999999
373 6.220000000000001 12006.853530880004 -15.746784000000023
374 6.23 12061.418717180002 -16.116936000000017
375 6.24 12116.100372480001 -16.492992000000008
376 6.25 12170.8984375 -16.875
377 6.26 12225.812852479998 -17.263007999999992
378 6.27 12280.843557179998 -17.657063999999984
379 6.28 12335.990490879998 -18.05721600000001
380 6.29 12391.253592380002 -18.463512
381 6.300000000000001 12446.632800000005 -18.87600000000003
382 6.3100000000000005 12502.128051580004 -19.29472800000002
383 6.32 12557.739284480002 -19.719744000000013
384 6.33 12613.46643558 -20.151096000000003
385 6.34 12669.309441279998 -20.588831999999993
386 6.35 12725.268237499999 -21.032999999999987
387 6.359999999999999 12781.342759679997 -21.483647999999974
388 6.37 12837.532942779999 -21.940824000000006
389 6.38 12893.83872128 -22.404575999999995
390 6.390000000000001 12950.260029180003 -22.874952000000025
391 6.4 13006.796800000004 -23.352000000000018
392 6.41 13063.448966780003 -23.835768000000005
393 6.42 13120.216462080003 -24.326303999999993
394 6.43 13177.099217979998 -24.823655999999986
395 6.4399999999999995 13234.097166079997 -25.327871999999978
396 6.45 13291.210237500003 -25.83900000000001
397 6.46 13348.438362879999 -26.357087999999997
398 6.470000000000001 13405.781472380004 -26.88218400000003
399 6.48 13463.239495680002 -27.414336000000024
400 6.49 13520.812361980003 -27.953592000000015
401 6.5 13578.5 -28.5
402 6.51 13636.302337979998 -29.05360799999999
403 6.5200000000000005 13694.219303680002 -29.614464000000027
404 6.53 13752.250824380004 -30.182616000000014
405 6.54 13810.396826879998 -30.758112
406 6.55 13868.6572375 -31.34099999999999
407 6.5600000000000005 13927.031982080003 -31.93132800000003
408 6.57 13985.520985980002 -32.52914400000002
409 6.58 14044.12417408 -33.134496000000006
410 6.59 14102.841470779998 -33.74743199999999
411 6.6 14161.6728 -34.36799999999998
412 6.61 14220.618085180002 -34.99624800000002
413 6.62 14279.677249279997 -35.632224
414 6.63 14338.850214779999 -36.27597599999999
415 6.64 14398.136903679999 -36.92755199999998
416 6.65 14457.537237500002 -37.587000000000025
417 6.66 14517.051137280001 -38.254368000000014
418 6.67 14576.678523579998 -38.929703999999994
419 6.68 14636.41931648 -39.61305599999998
420 6.69 14696.273435580006 -40.304472000000025
421 6.7 14756.2408 -41.00400000000001
422 6.71 14816.321328379998 -41.711687999999995
423 6.72 14876.514938879998 -42.42758399999998
424 6.73 14936.821549180004 -43.15173600000003
425 6.74 14997.241076480002 -43.88419200000002
426 6.75 15057.7734375 -44.625
427 6.76 15118.41854848 -45.37420799999998
428 6.7700000000000005 15179.176325180006 -46.131864000000036
429 6.78 15240.046682880004 -46.89801600000002
430 6.79 15301.02953638 -47.672712000000004
431 6.8 15362.124799999998 -48.45599999999998
432 6.8100000000000005 15423.332387580002 -49.247928000000044
433 6.82 15484.652212480003 -50.04854400000002
434 6.83 15546.08418758 -50.857896000000004
435 6.84 15607.628225279997 -51.67603199999999
436 6.8500000000000005 15669.284237500002 -52.50300000000004
437 6.86 15731.052135680002 -53.33884800000003
438 6.87 15792.931830779999 -54.18362400000001
439 6.88 15854.923233279998 -55.037375999999995
440 6.89 15917.026253179996 -55.90015199999997
441 6.9 15979.240800000003 -56.77200000000003
442 6.91 16041.56678278 -57.652968000000016
443 6.92 16104.004110079997 -58.54310399999999
444 6.93 16166.552689979995 -59.44245599999997
445 6.94 16229.212430079999 -60.35107200000003
446 6.95 16291.983237500004 -61.26900000000002
447 6.96 16354.865018879998 -62.196287999999996
448 6.97 16417.857680379995 -63.13298399999998
449 6.98 16480.961127680006 -64.07913600000003
450 6.99 16544.17526598 -65.03479200000002
451 7.0 16607.5 -66.0
452 7.01 16670.935233979995 -66.97480799999998
453 7.0200000000000005 16734.480871680003 -67.95926400000005
454 7.03 16798.13681638 -68.95341600000003
455 7.04 16861.902970879997 -69.95731200000002
456 7.05 16925.7792375 -70.97099999999998
457 7.0600000000000005 16989.765518080007 -71.99452800000006
458 7.07 17053.861713980004 -73.02794400000002
459 7.08 17118.06772608 -74.071296
460 7.09 17182.38345478 -75.12463199999999
461 7.1000000000000005 17246.808800000003 -76.18800000000005
462 7.11 17311.343661180003 -77.26144800000003
463 7.12 17375.987937280002 -78.34502400000001
464 7.13 17440.74152678 -79.43877599999999
465 7.14 17505.604327679997 -80.54275199999996
466 7.15 17570.5762375 -81.65700000000004
467 7.16 17635.65715328 -82.78156800000001
468 7.17 17700.84697158 -83.91650399999999
469 7.18 17766.14558848 -85.06185599999998
470 7.19 17831.55289958 -86.21767200000004
471 7.2 17897.068800000005 -87.38400000000003
472 7.21 17962.693184379998 -88.56088799999999
473 7.22 18028.42594688 -89.74838399999997
474 7.23 18094.26698118 -90.94653600000005
475 7.24 18160.216180479998 -92.15539200000002
476 7.25 18226.2734375 -93.375
477 7.26 18292.43864448 -94.60540799999998
478 7.2700000000000005 18358.71169318 -95.84666400000005
479 7.28 18425.092474880003 -97.09881600000003
480 7.29 18491.580880380003 -98.361912
481 7.3 18558.1768 -99.63599999999998
482 7.3100000000000005 18624.880123580002 -100.92112800000007
483 7.32 18691.690740480004 -102.21734400000003
484 7.33 18758.608539580004 -103.524696
485 7.34 18825.633409279995 -104.84323199999999
486 7.3500000000000005 18892.765237500007 -106.17300000000006
487 7.36 18960.003911680004 -107.51404800000005
488 7.37 19027.349318779998 -108.86642400000002
489 7.38 19094.80134528 -110.23017599999999
490 7.39 19162.35987718 -111.60535199999995
491 7.4 19230.024800000003 -112.99200000000006
492 7.41 19297.79599878 -114.39016800000002
493 7.42 19365.673358079996 -115.799904
494 7.43 19433.65676198 -117.22125599999995
495 7.44 19501.74609408 -118.65427200000005
496 7.45 19569.9412375 -120.09900000000003
497 7.46 19638.242074880003 -121.55548799999998
498 7.47 19706.648488379997 -123.02378399999996
499 7.48 19775.160359680005 -124.50393600000007
500 7.49 19843.77756998 -125.99599200000003
501 7.5 19912.5 -127.5
